2 0.04296875 0.29789719626168226 0.0859375 0.0630841121495327
2 0.1140625 0.2967289719626168 0.0640625 0.04672897196261682
2 0.1921875 0.26869158878504673 0.053125 0.030373831775700934
6 0.1140625 0.26869158878504673 0.084375 0.056074766355140186
2 0.2125 0.29205607476635514 0.0828125 0.04906542056074766
6 0.3453125 0.2780373831775701 0.071875 0.06775700934579439
12 0.4078125 0.2897196261682243 0.04375 0.0397196261682243
6 0.453125 0.2780373831775701 0.0515625 0.0514018691588785
2 0.484375 0.2897196261682243 0.0609375 0.037383177570093455
2 0.546875 0.2897196261682243 0.05625 0.03271028037383177
12 0.5671875 0.2733644859813084 0.0265625 0.011682242990654205
12 0.596875 0.2733644859813084 0.0234375 0.014018691588785047
2 0.615625 0.28738317757009346 0.0515625 0.028037383177570093
9 0.6515625 0.28738317757009346 0.0125 0.02570093457943925
2 0.66875 0.2850467289719626 0.0296875 0.02570093457943925
9 0.69375 0.2850467289719626 0.0140625 0.02336448598130841
4 0.646875 0.27102803738317754 0.0359375 0.02102803738317757
12 0.70625 0.2803738317757009 0.0140625 0.028037383177570093
12 0.71875 0.2780373831775701 0.0171875 0.028037383177570093
12 0.7390625 0.2803738317757009 0.0171875 0.02570093457943925
12 0.75625 0.2803738317757009 0.01875 0.028037383177570093
4 0.703125 0.26401869158878505 0.034375 0.014018691588785047
1 0.796875 0.27102803738317754 0.040625 0.035046728971962614
1 0.846875 0.26635514018691586 0.025 0.018691588785046728
2 0.734375 0.2570093457943925 0.015625 0.007009345794392523
2 0.39375 0.45093457943925236 0.05 0.02570093457943925
5 0.44375 0.4322429906542056 0.0140625 0.018691588785046728
2 0.4234375 0.4696261682242991 0.046875 0.02336448598130841
5 0.5390625 0.4322429906542056 0.0125 0.02336448598130841
5 0.546875 0.411214953271028 0.0109375 0.018691588785046728
12 0.565625 0.4322429906542056 0.01875 0.02102803738317757
2 0.5609375 0.45560747663551404 0.0375 0.030373831775700934
2 0.596875 0.4135514018691589 0.015625 0.02102803738317757
12 0.6875 0.39953271028037385 0.0140625 0.016355140186915886
2 0.66875 0.411214953271028 0.0109375 0.018691588785046728
12 0.6859375 0.3878504672897196 0.0140625 0.018691588785046728
1 0.690625 0.3644859813084112 0.0328125 0.035046728971962614
5 0.71875 0.34345794392523366 0.009375 0.016355140186915886
10 0.8015625 0.3341121495327103 0.0109375 0.02570093457943925
1 0.1375 0.7476635514018691 0.1859375 0.1588785046728972
1 0.33125 0.6004672897196262 0.16875 0.16121495327102803
5 0.11875 0.955607476635514 0.05625 0.07710280373831775
2 0.203125 0.9228971962616822 0.14375 0.14018691588785046
5 0.2984375 0.955607476635514 0.034375 0.04906542056074766
12 0.309375 0.8271028037383178 0.0671875 0.0911214953271028
2 0.409375 0.866822429906542 0.0921875 0.1191588785046729
2 0.3796875 0.7710280373831776 0.0875 0.10747663551401869
1 0.440625 0.8948598130841121 0.25625 0.1985981308411215
2 0.5375 0.7827102803738317 0.065625 0.07476635514018691
2 0.453125 0.6962616822429907 0.0765625 0.04906542056074766
4 0.471875 0.7616822429906542 0.0828125 0.10981308411214953
12 0.5421875 0.6752336448598131 0.040625 0.06542056074766354
12 0.5546875 0.7242990654205608 0.0453125 0.06074766355140187
2 0.5421875 0.6285046728971962 0.0546875 0.05841121495327103
2 0.61875 0.866822429906542 0.0671875 0.1308411214953271
2 0.5953125 0.6728971962616822 0.059375 0.05841121495327103
2 0.6109375 0.7383177570093458 0.0640625 0.09579439252336448
2 0.5796875 0.5934579439252337 0.053125 0.0514018691588785
12 0.64375 0.6401869158878505 0.0328125 0.06074766355140187
6 0.6234375 0.5934579439252337 0.059375 0.10514018691588785
12 0.7890625 0.6378504672897196 0.0171875 0.04672897196261682
12 0.6734375 0.5093457943925234 0.0203125 0.02102803738317757
1 0.7109375 0.6915887850467289 0.134375 0.2266355140186916
1 0.715625 0.5841121495327103 0.103125 0.1425233644859813
6 0.684375 0.5514018691588785 0.0578125 0.08644859813084112
1 0.81875 0.5677570093457944 0.0828125 0.1308411214953271
1 0.8359375 0.4649532710280374 0.028125 0.06542056074766354
2 0.75 0.48364485981308414 0.0234375 0.03271028037383177
12 0.8046875 0.4766355140186916 0.0140625 0.02570093457943925
12 0.8125 0.4929906542056075 0.01875 0.02102803738317757
12 0.7640625 0.4672897196261682 0.0171875 0.02336448598130841
2 0.6578125 0.5420560747663551 0.0265625 0.0397196261682243
13 0.7671875 0.4369158878504673 0.0515625 0.05841121495327103
13 0.8703125 0.43457943925233644 0.03125 0.06074766355140187
2 0.80625 0.5186915887850467 0.0265625 0.030373831775700934
12 0.815625 0.4135514018691589 0.0125 0.02336448598130841
1 0.790625 0.39953271028037385 0.046875 0.056074766355140186
1 0.8953125 0.3598130841121495 0.01875 0.04205607476635514
2 0.8609375 0.3855140186915888 0.0109375 0.018691588785046728
4 0.8390625 0.40420560747663553 0.0203125 0.02570093457943925
2 0.91875 0.352803738317757 0.009375 0.016355140186915886
2 0.8609375 0.3621495327102804 0.0171875 0.016355140186915886
10 0.8953125 0.40654205607476634 0.01875 0.02102803738317757
2 0.9046875 0.3341121495327103 0.009375 0.011682242990654205
2 0.8796875 0.34813084112149534 0.0125 0.016355140186915886
1 0.8703125 0.2616822429906542 0.0203125 0.018691588785046728
2 0.7640625 0.2570093457943925 0.0171875 0.009345794392523364
