1 0.6859375 0.7979166666666667 0.1640625 0.39375
2 0.45625 0.925 0.1234375 0.14583333333333334
2 0.8421875 0.83125 0.1578125 0.1875
0 0.8796875 0.7895833333333333 0.0328125 0.06875
0 0.7921875 0.7020833333333333 0.034375 0.06041666666666667
0 0.746875 0.66875 0.0203125 0.0625
9 0.7375 0.7229166666666667 0.0203125 0.05416666666666667
0 0.728125 0.6770833333333334 0.03125 0.052083333333333336
5 0.7203125 0.6208333333333333 0.0328125 0.04375
6 0.4734375 0.7770833333333333 0.08125 0.1375
15 0.5640625 0.7604166666666666 0.0484375 0.10625
4 0.540625 0.6458333333333334 0.059375 0.12916666666666668
4 0.4828125 0.5645833333333333 0.053125 0.09166666666666666
1 0.6203125 0.5791666666666667 0.1046875 0.18958333333333333
12 0.5359375 0.56875 0.0328125 0.029166666666666667
2 0.6640625 0.53125 0.0421875 0.05416666666666667
12 0.50625 0.5104166666666666 0.025 0.04375
4 0.5046875 0.475 0.0296875 0.041666666666666664
2 0.64375 0.48541666666666666 0.0359375 0.03958333333333333
2 0.553125 0.46875 0.028125 0.025
4 0.609375 0.4625 0.040625 0.04583333333333333
2 0.5875 0.4583333333333333 0.0234375 0.03125
2 0.678125 0.4708333333333333 0.0390625 0.0375
2 0.7125 0.45 0.034375 0.03125
6 0.521875 0.45 0.0296875 0.05
14 0.5546875 0.44166666666666665 0.0234375 0.03125
1 0.65625 0.42083333333333334 0.075 0.0625
1 0.5921875 0.4166666666666667 0.0375 0.05625
4 0.5359375 0.42083333333333334 0.0203125 0.025
1 0.575 0.38958333333333334 0.0265625 0.027083333333333334
2 0.528125 0.41458333333333336 0.015625 0.016666666666666666
1 0.540625 0.33125 0.009375 0.010416666666666666
1 0.615625 0.38333333333333336 0.0390625 0.0125
1 0.51875 0.34791666666666665 0.0140625 0.01875
2 0.1515625 0.9291666666666667 0.2015625 0.13958333333333334
2 0.1234375 0.825 0.165625 0.15625
14 0.1515625 0.6916666666666667 0.1390625 0.13541666666666666
2 0.3234375 0.69375 0.0859375 0.1
2 0.296875 0.6270833333333333 0.0875 0.075
2 0.253125 0.6041666666666666 0.0875 0.06875
2 0.384375 0.5854166666666667 0.0578125 0.05625
2 0.3640625 0.5520833333333334 0.05625 0.04583333333333333
2 0.315625 0.5416666666666666 0.0625 0.04583333333333333
1 0.1046875 0.5479166666666667 0.209375 0.16041666666666668
14 0.3546875 0.49375 0.0515625 0.04791666666666667
12 0.3015625 0.5166666666666667 0.034375 0.04375
12 0.240625 0.5604166666666667 0.0375 0.04791666666666667
0 0.184375 0.59375 0.0234375 0.03333333333333333
2 0.3796875 0.5145833333333333 0.046875 0.0375
4 0.4359375 0.4895833333333333 0.0359375 0.04583333333333333
2 0.40625 0.48541666666666666 0.034375 0.03125
14 0.41875 0.45416666666666666 0.0359375 0.03125
2 0.459375 0.4479166666666667 0.0234375 0.025
1 0.4203125 0.42291666666666666 0.0484375 0.04375
1 0.3921875 0.4125 0.0390625 0.027083333333333334
1 0.409375 0.39166666666666666 0.025 0.014583333333333334
12 0.4609375 0.425 0.015625 0.016666666666666666
2 0.4515625 0.4083333333333333 0.0125 0.016666666666666666
2 0.4671875 0.4166666666666667 0.015625 0.016666666666666666
2 0.4765625 0.4 0.0140625 0.0125
4 0.471875 0.38958333333333334 0.0125 0.01875
2 0.4640625 0.38125 0.009375 0.010416666666666666
5 0.4484375 0.38958333333333334 0.003125 0.00625
2 0.43125 0.3770833333333333 0.0140625 0.0125
