6 0.61875 0.8055555555555556 0.109375 0.2
4 0.5484375 0.625 0.0609375 0.10555555555555556
12 0.6375 0.6722222222222223 0.0515625 0.11944444444444445
2 0.553125 0.4861111111111111 0.0296875 0.075
5 0.64375 0.5638888888888889 0.025 0.08333333333333333
5 0.6046875 0.4722222222222222 0.0125 0.041666666666666664
5 0.5796875 0.3972222222222222 0.009375 0.03888888888888889
9 0.5984375 0.4388888888888889 0.0140625 0.03611111111111111
5 0.60625 0.4111111111111111 0.0109375 0.041666666666666664
12 0.603125 0.3611111111111111 0.0125 0.030555555555555555
14 0.7140625 0.5833333333333334 0.0390625 0.03888888888888889
12 0.7359375 0.5583333333333333 0.021875 0.03888888888888889
12 0.6796875 0.525 0.0140625 0.03611111111111111
10 0.4265625 0.9388888888888889 0.0921875 0.10555555555555556
12 0.428125 0.8027777777777778 0.05625 0.15833333333333333
12 0.3 0.9388888888888889 0.0625 0.10555555555555556
12 0.178125 0.9472222222222222 0.0765625 0.08611111111111111
12 0.346875 0.5527777777777778 0.034375 0.05277777777777778
12 0.4015625 0.5361111111111111 0.0296875 0.05
6 0.209375 0.8277777777777777 0.1015625 0.19166666666666668
12 0.24375 0.7138888888888889 0.05625 0.09444444444444444
2 0.325 0.8472222222222222 0.078125 0.15
2 0.3328125 0.7277777777777777 0.06875 0.11388888888888889
2 0.4171875 0.7222222222222222 0.059375 0.13333333333333333
2 0.359375 0.6361111111111111 0.0578125 0.09722222222222222
4 0.4234375 0.6166666666666667 0.05625 0.09722222222222222
10 0.4578125 0.5138888888888888 0.0484375 0.07222222222222222
2 0.3140625 0.6055555555555555 0.0640625 0.08055555555555556
2 0.2765625 0.6805555555555556 0.0671875 0.09722222222222222
12 0.3765625 0.5611111111111111 0.034375 0.05277777777777778
14 0.446875 0.46111111111111114 0.034375 0.041666666666666664
2 0.4203125 0.5111111111111111 0.028125 0.041666666666666664
2 0.4984375 0.4444444444444444 0.028125 0.044444444444444446
5 0.5765625 0.3527777777777778 0.003125 0.016666666666666666
12 0.78125 0.5222222222222223 0.0140625 0.027777777777777776
12 0.7640625 0.5111111111111111 0.0140625 0.025
