1 0.903125 0.725 0.1890625 0.5
1 0.5609375 0.5611111111111111 0.3390625 0.4361111111111111
1 0.2125 0.2722222222222222 0.21875 0.2777777777777778
1 0.078125 0.1638888888888889 0.0734375 0.15
1 0.046875 0.08333333333333333 0.09375 0.08888888888888889
1 0.2359375 0.04722222222222222 0.0453125 0.030555555555555555
12 0.75 0.8694444444444445 0.1984375 0.25555555555555554
2 0.434375 0.7833333333333333 0.225 0.2638888888888889
2 0.2109375 0.5083333333333333 0.1328125 0.17222222222222222
12 0.253125 0.4388888888888889 0.0765625 0.15555555555555556
14 0.1015625 0.36666666666666664 0.10625 0.15555555555555556
2 0.034375 0.28888888888888886 0.0640625 0.09166666666666666
6 0.0421875 0.21388888888888888 0.0765625 0.09444444444444444
12 0.1640625 0.3472222222222222 0.0421875 0.11944444444444445
12 0.2609375 0.4361111111111111 0.0828125 0.14444444444444443
12 0.353125 0.2916666666666667 0.046875 0.10833333333333334
12 0.709375 0.5194444444444445 0.0890625 0.18055555555555555
2 0.446875 0.325 0.1015625 0.10277777777777777
2 0.3875 0.4 0.03125 0.10833333333333334
9 0.371875 0.34444444444444444 0.0234375 0.06666666666666667
2 0.165625 0.11944444444444445 0.046875 0.03611111111111111
2 0.15 0.10277777777777777 0.053125 0.05555555555555555
2 0.221875 0.09722222222222222 0.059375 0.044444444444444446
