8 0.60859375 0.9237804878048781 0.0765625 0.1443089430894309
8 0.771875 0.9186991869918699 0.0859375 0.15447154471544716
8 0.503125 0.7723577235772358 0.053125 0.11585365853658537
8 0.0203125 0.7987804878048781 0.028125 0.052845528455284556
8 0.01875 0.7235772357723578 0.028125 0.11178861788617886
0 0.4359375 0.8028455284552846 0.0328125 0.07520325203252033
5 0.953125 0.9105691056910569 0.065625 0.09552845528455285
2 0.840625 0.8516260162601627 0.2046875 0.09349593495934959
2 0.7828125 0.782520325203252 0.1671875 0.07113821138211382
14 0.7171875 0.7276422764227642 0.178125 0.08130081300813008
1 0.3515625 0.6056910569105691 0.09375 0.21138211382113822
2 0.453125 0.6544715447154471 0.0609375 0.07113821138211382
0 0.0484375 0.6565040650406504 0.0140625 0.034552845528455285
0 0.0234375 0.6300813008130082 0.0125 0.04065040650406504
8 0.009375 0.524390243902439 0.015625 0.036585365853658534
1 0.01328125 0.44308943089430897 0.0265625 0.024390243902439025
9 0.5078125 0.6951219512195121 0.025 0.0508130081300813
8 0.4515625 0.573170731707317 0.0234375 0.0508130081300813
8 0.496875 0.5873983739837398 0.0234375 0.044715447154471545
2 0.4375 0.5304878048780488 0.0671875 0.024390243902439025
8 0.50625 0.5345528455284553 0.0296875 0.034552845528455285
5 0.5390625 0.6341463414634146 0.0296875 0.032520325203252036
