2 0.415625 0.9732142857142857 0.03125 0.049107142857142856
2 0.721875 0.9598214285714286 0.034375 0.07142857142857142
5 0.4921875 0.9107142857142857 0.0109375 0.05357142857142857
8 0.46875 0.8526785714285714 0.0125 0.044642857142857144
8 0.475 0.8392857142857143 0.009375 0.049107142857142856
8 0.4765625 0.8080357142857143 0.009375 0.03571428571428571
8 0.5 0.8303571428571429 0.009375 0.03571428571428571
8 0.446875 0.7991071428571429 0.0078125 0.03571428571428571
13 0.5359375 0.8482142857142857 0.03125 0.11607142857142858
13 0.525 0.78125 0.028125 0.05803571428571429
8 0.4484375 0.7723214285714286 0.00625 0.017857142857142856
5 0.4578125 0.7723214285714286 0.003125 0.022321428571428572
1 0.43125 0.7142857142857143 0.0125 0.049107142857142856
1 0.471875 0.7276785714285714 0.0296875 0.03571428571428571
6 0.4953125 0.7455357142857143 0.01875 0.03571428571428571
5 0.5609375 0.84375 0.0109375 0.04017857142857143
8 0.6875 0.9196428571428571 0.009375 0.08035714285714286
7 0.7296875 0.8348214285714286 0.0390625 0.07589285714285714
8 0.74375 0.875 0.0140625 0.044642857142857144
14 0.759375 0.8169642857142857 0.021875 0.049107142857142856
5 0.76875 0.9330357142857143 0.0140625 0.03571428571428571
