12 0.37083333333333335 0.503125 0.09791666666666667 0.071875
5 0.46041666666666664 0.5171875 0.06041666666666667 0.0765625
2 0.41875 0.4890625 0.04375 0.0375
2 0.5833333333333334 0.4828125 0.0375 0.01875
4 0.6270833333333333 0.4796875 0.027083333333333334 0.01875
10 0.6541666666666667 0.478125 0.01875 0.0109375
5 0.6583333333333333 0.4859375 0.0125 0.0203125
0 0.6895833333333333 0.4921875 0.014583333333333334 0.03125
7 0.7541666666666667 0.48125 0.03125 0.028125
10 0.6791666666666667 0.4828125 0.020833333333333332 0.015625
2 0.7 0.4828125 0.01875 0.0125
