10 0.446875 0.46111111111111114 0.0578125 0.12222222222222222
8 0.7390625 0.44166666666666665 0.0640625 0.10555555555555556
8 0.8078125 0.45 0.0546875 0.10555555555555556
8 0.8515625 0.45555555555555555 0.0390625 0.1
8 0.8875 0.46944444444444444 0.0234375 0.058333333333333334
5 0.075 0.5222222222222223 0.0390625 0.10277777777777777
2 0.140625 0.43333333333333335 0.0625 0.08888888888888889
5 0.0515625 0.4444444444444444 0.0265625 0.08888888888888889
5 0.19375 0.325 0.0203125 0.05555555555555555
5 0.1609375 0.3333333333333333 0.0234375 0.058333333333333334
12 0.2234375 0.31666666666666665 0.0171875 0.06111111111111111
12 0.2859375 0.2361111111111111 0.015625 0.03611111111111111
12 0.3734375 0.3194444444444444 0.0234375 0.05555555555555555
12 0.4171875 0.25 0.0140625 0.03888888888888889
12 0.48125 0.3111111111111111 0.0234375 0.05277777777777778
12 0.5375 0.2777777777777778 0.0203125 0.041666666666666664
12 0.5515625 0.2861111111111111 0.021875 0.022222222222222223
2 0.321875 0.4111111111111111 0.05 0.08055555555555556
2 0.3828125 0.41944444444444445 0.0515625 0.08888888888888889
2 0.5328125 0.4222222222222222 0.05625 0.08611111111111111
10 0.5671875 0.38333333333333336 0.0515625 0.08055555555555556
10 0.45 0.375 0.046875 0.07222222222222222
2 0.3859375 0.35555555555555557 0.040625 0.058333333333333334
14 0.40625 0.30833333333333335 0.0375 0.07777777777777778
6 0.340625 0.2916666666666667 0.034375 0.075
2 0.3390625 0.3472222222222222 0.0421875 0.06388888888888888
2 0.5 0.37222222222222223 0.0453125 0.06944444444444445
2 0.5296875 0.3194444444444444 0.021875 0.04722222222222222
2 0.5171875 0.3 0.0296875 0.04722222222222222
14 0.4515625 0.31666666666666665 0.0359375 0.06111111111111111
14 0.440625 0.29444444444444445 0.0296875 0.06666666666666667
4 0.4015625 0.26944444444444443 0.0296875 0.05277777777777778
2 0.3671875 0.2722222222222222 0.0203125 0.03611111111111111
14 0.478125 0.2722222222222222 0.028125 0.06111111111111111
6 0.4828125 0.28888888888888886 0.0265625 0.03888888888888889
2 0.49375 0.3333333333333333 0.0375 0.04722222222222222
12 0.51875 0.2722222222222222 0.025 0.03611111111111111
2 0.5015625 0.26666666666666666 0.0203125 0.03611111111111111
14 0.459375 0.23333333333333334 0.021875 0.041666666666666664
6 0.4359375 0.24722222222222223 0.0234375 0.06388888888888888
4 0.5140625 0.24444444444444444 0.0203125 0.016666666666666666
1 0.4546875 0.18333333333333332 0.021875 0.04722222222222222
1 0.471875 0.175 0.0203125 0.03888888888888889
1 0.45 0.1527777777777778 0.0171875 0.03611111111111111
14 0.475 0.19444444444444445 0.0125 0.025
2 0.365625 0.24722222222222223 0.021875 0.016666666666666666
4 0.36875 0.22777777777777777 0.025 0.03611111111111111
14 0.3859375 0.19166666666666668 0.0203125 0.025
6 0.3921875 0.17222222222222222 0.0140625 0.013888888888888888
14 0.4078125 0.18611111111111112 0.0125 0.016666666666666666
4 0.4015625 0.2 0.0140625 0.022222222222222223
14 0.4078125 0.2222222222222222 0.0203125 0.03611111111111111
2 0.43125 0.18333333333333332 0.0109375 0.016666666666666666
1 0.425 0.14722222222222223 0.0140625 0.019444444444444445
10 0.475 0.22777777777777777 0.0125 0.022222222222222223
2 0.2765625 0.2222222222222222 0.028125 0.027777777777777776
9 0.334375 0.18055555555555555 0.00625 0.019444444444444445
8 0.325 0.17777777777777778 0.00625 0.019444444444444445
